/*--------------------------------*- C++ -*----------------------------------*\
  =========                 |
  \\      /  F ield         | OpenFOAM: The Open Source CFD Toolbox
   \\    /   O peration     | Website:  https://openfoam.org
    \\  /    A nd           | Version:  8
     \\/     M anipulation  |
\*---------------------------------------------------------------------------*/
FoamFile
{
    version     2.0;
    format      ascii;
    class       vectorField;
    location    "constant/polyMesh";
    object      points;
}
// * * * * * * * * * * * * * * * * * * * * * * * * * * * * * * * * * * * * * //


84
(
(-0.0005 -0.0005 0)
(0.0005 -0.0005 0)
(-0.0005 0.0005 0)
(0.0005 0.0005 0)
(-0.0005 -0.0005 0.001)
(0.0005 -0.0005 0.001)
(-0.0005 0.0005 0.001)
(0.0005 0.0005 0.001)
(-0.0005 -0.0005 0.002)
(0.0005 -0.0005 0.002)
(-0.0005 0.0005 0.002)
(0.0005 0.0005 0.002)
(-0.0005 -0.0005 0.003)
(0.0005 -0.0005 0.003)
(-0.0005 0.0005 0.003)
(0.0005 0.0005 0.003)
(-0.0005 -0.0005 0.004)
(0.0005 -0.0005 0.004)
(-0.0005 0.0005 0.004)
(0.0005 0.0005 0.004)
(-0.0005 -0.0005 0.005)
(0.0005 -0.0005 0.005)
(-0.0005 0.0005 0.005)
(0.0005 0.0005 0.005)
(-0.0005 -0.0005 0.006)
(0.0005 -0.0005 0.006)
(-0.0005 0.0005 0.006)
(0.0005 0.0005 0.006)
(-0.0005 -0.0005 0.007)
(0.0005 -0.0005 0.007)
(-0.0005 0.0005 0.007)
(0.0005 0.0005 0.007)
(-0.0005 -0.0005 0.008)
(0.0005 -0.0005 0.008)
(-0.0005 0.0005 0.008)
(0.0005 0.0005 0.008)
(-0.0005 -0.0005 0.009)
(0.0005 -0.0005 0.009)
(-0.0005 0.0005 0.009)
(0.0005 0.0005 0.009)
(-0.0005 -0.0005 0.01)
(0.0005 -0.0005 0.01)
(-0.0005 0.0005 0.01)
(0.0005 0.0005 0.01)
(-0.0005 -0.0005 0.011)
(0.0005 -0.0005 0.011)
(-0.0005 0.0005 0.011)
(0.0005 0.0005 0.011)
(-0.0005 -0.0005 0.012)
(0.0005 -0.0005 0.012)
(-0.0005 0.0005 0.012)
(0.0005 0.0005 0.012)
(-0.0005 -0.0005 0.013)
(0.0005 -0.0005 0.013)
(-0.0005 0.0005 0.013)
(0.0005 0.0005 0.013)
(-0.0005 -0.0005 0.014)
(0.0005 -0.0005 0.014)
(-0.0005 0.0005 0.014)
(0.0005 0.0005 0.014)
(-0.0005 -0.0005 0.015)
(0.0005 -0.0005 0.015)
(-0.0005 0.0005 0.015)
(0.0005 0.0005 0.015)
(-0.0005 -0.0005 0.016)
(0.0005 -0.0005 0.016)
(-0.0005 0.0005 0.016)
(0.0005 0.0005 0.016)
(-0.0005 -0.0005 0.017)
(0.0005 -0.0005 0.017)
(-0.0005 0.0005 0.017)
(0.0005 0.0005 0.017)
(-0.0005 -0.0005 0.018)
(0.0005 -0.0005 0.018)
(-0.0005 0.0005 0.018)
(0.0005 0.0005 0.018)
(-0.0005 -0.0005 0.019)
(0.0005 -0.0005 0.019)
(-0.0005 0.0005 0.019)
(0.0005 0.0005 0.019)
(-0.0005 -0.0005 0.02)
(0.0005 -0.0005 0.02)
(-0.0005 0.0005 0.02)
(0.0005 0.0005 0.02)
)


// ************************************************************************* //
